2025-03-28 15:09:47.753000 - Received CBT.V508.FILE038.PDS from FILE038.XMI 
2025-03-28 15:09:47.754419 - Found $$$#DATE.txt (text/plain) in CBT.V508.FILE038.PDS, moved to PDS/$$$#DATE
2025-03-28 15:09:47.755225 - Found ###NEW##.txt (text/plain) in CBT.V508.FILE038.PDS, moved to PDS/###NEW##
2025-03-28 15:09:47.756108 - Found ##DOC.txt (text/plain) in CBT.V508.FILE038.PDS, moved to PDS/##DOC
2025-03-28 15:09:47.757172 - Found #GETFORT.jcl (text/plain) in CBT.V508.FILE038.PDS, moved to PDS/#GETFORT
2025-03-28 15:09:47.757757 - Found #GRAFICS.txt (text/plain) in CBT.V508.FILE038.PDS, moved to PDS/#GRAFICS
2025-03-28 15:09:47.758345 - Found #JCLFULL.jcl (text/plain) in CBT.V508.FILE038.PDS, moved to PDS/#JCLFULL
2025-03-28 15:09:47.758852 - Found #JCLPROG.txt (text/plain) in CBT.V508.FILE038.PDS, moved to PDS/#JCLPROG
2025-03-28 15:09:47.759420 - Found #KLHELP.txt (text/plain) in CBT.V508.FILE038.PDS, moved to PDS/#KLHELP
2025-03-28 15:09:47.759877 - Found #KLHERC.txt (text/plain) in CBT.V508.FILE038.PDS, moved to PDS/#KLHERC
2025-03-28 15:09:47.760357 - Found #KLSEQ.txt (text/plain) in CBT.V508.FILE038.PDS, moved to PDS/#KLSEQ
2025-03-28 15:09:47.760905 - Found #KL3270.txt (text/plain) in CBT.V508.FILE038.PDS, moved to PDS/#KL3270
2025-03-28 15:09:47.761351 - Found #LINK.txt (text/plain) in CBT.V508.FILE038.PDS, moved to PDS/#LINK
2025-03-28 15:09:47.761819 - Found #LNKINIT.txt (text/plain) in CBT.V508.FILE038.PDS, moved to PDS/#LNKINIT
2025-03-28 15:09:47.762516 - Found #MEMLIST.txt (text/plain) in CBT.V508.FILE038.PDS, moved to PDS/#MEMLIST
2025-03-28 15:09:47.762922 - Found #RULES.txt (text/plain) in CBT.V508.FILE038.PDS, moved to PDS/#RULES
2025-03-28 15:09:47.763497 - Found #SRULES.t (text/troff) in CBT.V508.FILE038.PDS, moved to PDS/#SRULES
2025-03-28 15:09:47.765016 - Found @FILE038.txt (text/plain) in CBT.V508.FILE038.PDS, moved to PDS/@FILE038
2025-03-28 15:09:47.765965 - Found ABANMS.txt (text/plain) in CBT.V508.FILE038.PDS, moved to PDS/ABANMS
2025-03-28 15:09:47.766631 - Found ABSORB.txt (text/plain) in CBT.V508.FILE038.PDS, moved to PDS/ABSORB
2025-03-28 15:09:47.767776 - Found ADDQUE.txt (text/plain) in CBT.V508.FILE038.PDS, moved to PDS/ADDQUE
2025-03-28 15:09:47.768345 - Found APDEV.txt (text/plain) in CBT.V508.FILE038.PDS, moved to PDS/APDEV
2025-03-28 15:09:47.768912 - Found AROUND.txt (text/plain) in CBT.V508.FILE038.PDS, moved to PDS/AROUND
2025-03-28 15:09:47.769950 - Found BATTCK.txt (text/plain) in CBT.V508.FILE038.PDS, moved to PDS/BATTCK
2025-03-28 15:09:47.771134 - Found BATTLE.txt (text/plain) in CBT.V508.FILE038.PDS, moved to PDS/BATTLE
2025-03-28 15:09:47.773810 - Found BEEP.txt (text/plain) in CBT.V508.FILE038.PDS, moved to PDS/BEEP
2025-03-28 15:09:47.774430 - Found BEEP2.txt (text/plain) in CBT.V508.FILE038.PDS, moved to PDS/BEEP2
2025-03-28 15:09:47.774889 - Found BLOCKD.txt (text/plain) in CBT.V508.FILE038.PDS, moved to PDS/BLOCKD
2025-03-28 15:09:47.775350 - Found BRIDGE.txt (text/plain) in CBT.V508.FILE038.PDS, moved to PDS/BRIDGE
2025-03-28 15:09:47.775926 - Found BSTAT.txt (text/plain) in CBT.V508.FILE038.PDS, moved to PDS/BSTAT
2025-03-28 15:09:47.776836 - Found CBTCLIST.txt (text/plain) in CBT.V508.FILE038.PDS, moved to PDS/CBTCLIST
2025-03-28 15:09:47.777438 - Found CBTJCL.jcl (text/plain) in CBT.V508.FILE038.PDS, moved to PDS/CBTJCL
2025-03-28 15:09:47.778166 - Found CERT.txt (text/plain) in CBT.V508.FILE038.PDS, moved to PDS/CERT
2025-03-28 15:09:47.778706 - Found COMOVE.txt (text/plain) in CBT.V508.FILE038.PDS, moved to PDS/COMOVE
2025-03-28 15:09:47.779543 - Found COPVEC.txt (text/plain) in CBT.V508.FILE038.PDS, moved to PDS/COPVEC
2025-03-28 15:09:47.780557 - Found CORAND.txt (text/plain) in CBT.V508.FILE038.PDS, moved to PDS/CORAND
2025-03-28 15:09:47.781250 - Found CPAGE.txt (text/plain) in CBT.V508.FILE038.PDS, moved to PDS/CPAGE
2025-03-28 15:09:47.781902 - Found DAMAGE.txt (text/plain) in CBT.V508.FILE038.PDS, moved to PDS/DAMAGE
2025-03-28 15:09:47.782667 - Found DAMAGR.txt (text/plain) in CBT.V508.FILE038.PDS, moved to PDS/DAMAGR
2025-03-28 15:09:47.783209 - Found DBUGCH.txt (text/plain) in CBT.V508.FILE038.PDS, moved to PDS/DBUGCH
2025-03-28 15:09:47.783639 - Found DBUGIA.txt (text/plain) in CBT.V508.FILE038.PDS, moved to PDS/DBUGIA
2025-03-28 15:09:47.784093 - Found DBUGIN.txt (text/plain) in CBT.V508.FILE038.PDS, moved to PDS/DBUGIN
2025-03-28 15:09:47.784539 - Found DBUGRA.txt (text/plain) in CBT.V508.FILE038.PDS, moved to PDS/DBUGRA
2025-03-28 15:09:47.786765 - Found DBUGRN.txt (text/plain) in CBT.V508.FILE038.PDS, moved to PDS/DBUGRN
2025-03-28 15:09:47.787258 - Found DEATHR.txt (text/plain) in CBT.V508.FILE038.PDS, moved to PDS/DEATHR
2025-03-28 15:09:47.787696 - Found DEBUGX.txt (text/plain) in CBT.V508.FILE038.PDS, moved to PDS/DEBUGX
2025-03-28 15:09:47.788153 - Found DESMSG.txt (text/plain) in CBT.V508.FILE038.PDS, moved to PDS/DESMSG
2025-03-28 15:09:47.788551 - Found DISPIN.txt (text/plain) in CBT.V508.FILE038.PDS, moved to PDS/DISPIN
2025-03-28 15:09:47.788767 - Found DIST.txt (text/plain) in CBT.V508.FILE038.PDS, moved to PDS/DIST
2025-03-28 15:09:47.789589 - Found DOCK.txt (text/plain) in CBT.V508.FILE038.PDS, moved to PDS/DOCK
2025-03-28 15:09:47.791325 - Found DRAGIN.txt (text/plain) in CBT.V508.FILE038.PDS, moved to PDS/DRAGIN
2025-03-28 15:09:47.793139 - Found EMPLAC.txt (text/plain) in CBT.V508.FILE038.PDS, moved to PDS/EMPLAC
2025-03-28 15:09:47.793667 - Found ENGUSE.txt (text/plain) in CBT.V508.FILE038.PDS, moved to PDS/ENGUSE
2025-03-28 15:09:47.794255 - Found ENGYST.txt (text/plain) in CBT.V508.FILE038.PDS, moved to PDS/ENGYST
2025-03-28 15:09:47.794899 - Found ESCAPE.txt (text/plain) in CBT.V508.FILE038.PDS, moved to PDS/ESCAPE
2025-03-28 15:09:47.796246 - Found FREEZE.txt (text/plain) in CBT.V508.FILE038.PDS, moved to PDS/FREEZE
2025-03-28 15:09:47.796994 - Found FSIO1.txt (text/plain) in CBT.V508.FILE038.PDS, moved to PDS/FSIO1
2025-03-28 15:09:47.797395 - Found FSIO2.txt (text/plain) in CBT.V508.FILE038.PDS, moved to PDS/FSIO2
2025-03-28 15:09:47.797909 - Found GAINIT.txt (text/plain) in CBT.V508.FILE038.PDS, moved to PDS/GAINIT
2025-03-28 15:09:47.798423 - Found GRAFIC.txt (text/plain) in CBT.V508.FILE038.PDS, moved to PDS/GRAFIC
2025-03-28 15:09:47.801617 - Found HELP.txt (text/plain) in CBT.V508.FILE038.PDS, moved to PDS/HELP
2025-03-28 15:09:47.803183 - Found HELPRT.txt (text/plain) in CBT.V508.FILE038.PDS, moved to PDS/HELPRT
2025-03-28 15:09:47.804429 - Found ICROG.txt (text/plain) in CBT.V508.FILE038.PDS, moved to PDS/ICROG
2025-03-28 15:09:47.805581 - Found IDENT.txt (text/plain) in CBT.V508.FILE038.PDS, moved to PDS/IDENT
2025-03-28 15:09:47.806395 - Found IFEDST.txt (text/plain) in CBT.V508.FILE038.PDS, moved to PDS/IFEDST
2025-03-28 15:09:47.807197 - Found IFWIN.txt (text/plain) in CBT.V508.FILE038.PDS, moved to PDS/IFWIN
2025-03-28 15:09:47.808312 - Found INITCH.txt (text/plain) in CBT.V508.FILE038.PDS, moved to PDS/INITCH
2025-03-28 15:09:47.809039 - Found INITCT.txt (text/plain) in CBT.V508.FILE038.PDS, moved to PDS/INITCT
2025-03-28 15:09:47.809667 - Found INITDM.txt (text/plain) in CBT.V508.FILE038.PDS, moved to PDS/INITDM
2025-03-28 15:09:47.810298 - Found INITGR.txt (text/plain) in CBT.V508.FILE038.PDS, moved to PDS/INITGR
2025-03-28 15:09:47.810951 - Found INITKL.txt (text/plain) in CBT.V508.FILE038.PDS, moved to PDS/INITKL
2025-03-28 15:09:47.812139 - Found INTERC.txt (text/plain) in CBT.V508.FILE038.PDS, moved to PDS/INTERC
2025-03-28 15:09:47.815246 - Found INTRO.txt (text/plain) in CBT.V508.FILE038.PDS, moved to PDS/INTRO
2025-03-28 15:09:47.816575 - Found IN3270.txt (text/plain) in CBT.V508.FILE038.PDS, moved to PDS/IN3270
2025-03-28 15:09:47.817597 - Found ISBSET.txt (text/plain) in CBT.V508.FILE038.PDS, moved to PDS/ISBSET
2025-03-28 15:09:47.819144 - Found ISGN.txt (text/plain) in CBT.V508.FILE038.PDS, moved to PDS/ISGN
2025-03-28 15:09:47.820821 - Found ITERPT.txt (text/plain) in CBT.V508.FILE038.PDS, moved to PDS/ITERPT
2025-03-28 15:09:47.821905 - Found IW.txt (text/plain) in CBT.V508.FILE038.PDS, moved to PDS/IW
2025-03-28 15:09:47.822427 - Found IWI.txt (text/plain) in CBT.V508.FILE038.PDS, moved to PDS/IWI
2025-03-28 15:09:47.823054 - Found IWV.txt (text/plain) in CBT.V508.FILE038.PDS, moved to PDS/IWV
2025-03-28 15:09:47.823632 - Found JULIAN.txt (text/plain) in CBT.V508.FILE038.PDS, moved to PDS/JULIAN
2025-03-28 15:09:47.824225 - Found KILLER.txt (text/plain) in CBT.V508.FILE038.PDS, moved to PDS/KILLER
2025-03-28 15:09:47.825053 - Found KL.f (text/x-fortran) in CBT.V508.FILE038.PDS, moved to PDS/KL
2025-03-28 15:09:47.825898 - Found LINEF.txt (text/plain) in CBT.V508.FILE038.PDS, moved to PDS/LINEF
2025-03-28 15:09:47.826493 - Found LOCATE.txt (text/plain) in CBT.V508.FILE038.PDS, moved to PDS/LOCATE
2025-03-28 15:09:47.827097 - Found LONINT.txt (text/plain) in CBT.V508.FILE038.PDS, moved to PDS/LONINT
2025-03-28 15:09:47.827624 - Found LRSCAN.txt (text/plain) in CBT.V508.FILE038.PDS, moved to PDS/LRSCAN
2025-03-28 15:09:47.828215 - Found MAININ.txt (text/plain) in CBT.V508.FILE038.PDS, moved to PDS/MAININ
2025-03-28 15:09:47.828845 - Found MEMLPG.txt (text/plain) in CBT.V508.FILE038.PDS, moved to PDS/MEMLPG
2025-03-28 15:09:47.830211 - Found M2FAST.txt (text/plain) in CBT.V508.FILE038.PDS, moved to PDS/M2FAST
2025-03-28 15:09:47.831105 - Found NOVKIL.txt (text/plain) in CBT.V508.FILE038.PDS, moved to PDS/NOVKIL
2025-03-28 15:09:47.832472 - Found NUMREC.txt (text/plain) in CBT.V508.FILE038.PDS, moved to PDS/NUMREC
2025-03-28 15:09:47.833756 - Found OLDNEW.txt (text/plain) in CBT.V508.FILE038.PDS, moved to PDS/OLDNEW
2025-03-28 15:09:47.834694 - Found ORBIT.txt (text/plain) in CBT.V508.FILE038.PDS, moved to PDS/ORBIT
2025-03-28 15:09:47.836411 - Found PERHIT.txt (text/plain) in CBT.V508.FILE038.PDS, moved to PDS/PERHIT
2025-03-28 15:09:47.837062 - Found PHASER.txt (text/plain) in CBT.V508.FILE038.PDS, moved to PDS/PHASER
2025-03-28 15:09:47.837669 - Found PHOTON.txt (text/plain) in CBT.V508.FILE038.PDS, moved to PDS/PHOTON
2025-03-28 15:09:47.838556 - Found PLACE.txt (text/plain) in CBT.V508.FILE038.PDS, moved to PDS/PLACE
2025-03-28 15:09:47.839749 - Found PLAGAN.txt (text/plain) in CBT.V508.FILE038.PDS, moved to PDS/PLAGAN
2025-03-28 15:09:47.840424 - Found PLANET.txt (text/plain) in CBT.V508.FILE038.PDS, moved to PDS/PLANET
2025-03-28 15:09:47.841039 - Found PRCHRT.txt (text/plain) in CBT.V508.FILE038.PDS, moved to PDS/PRCHRT
2025-03-28 15:09:47.841549 - Found PRHIT.txt (text/plain) in CBT.V508.FILE038.PDS, moved to PDS/PRHIT
2025-03-28 15:09:47.843016 - Found PRMIM.txt (text/plain) in CBT.V508.FILE038.PDS, moved to PDS/PRMIM
2025-03-28 15:09:47.843818 - Found PRMRM.txt (text/plain) in CBT.V508.FILE038.PDS, moved to PDS/PRMRM
2025-03-28 15:09:47.845287 - Found PRMSG.txt (text/plain) in CBT.V508.FILE038.PDS, moved to PDS/PRMSG
2025-03-28 15:09:47.846654 - Found PRMSGC.txt (text/plain) in CBT.V508.FILE038.PDS, moved to PDS/PRMSGC
2025-03-28 15:09:47.847843 - Found PRMSG1.txt (text/plain) in CBT.V508.FILE038.PDS, moved to PDS/PRMSG1
2025-03-28 15:09:47.849626 - Found PRMSM.txt (text/plain) in CBT.V508.FILE038.PDS, moved to PDS/PRMSM
2025-03-28 15:09:47.850629 - Found PROMOT.txt (text/plain) in CBT.V508.FILE038.PDS, moved to PDS/PROMOT
2025-03-28 15:09:47.851304 - Found PRSC.txt (text/plain) in CBT.V508.FILE038.PDS, moved to PDS/PRSC
2025-03-28 15:09:47.852725 - Found PRTEND.txt (text/plain) in CBT.V508.FILE038.PDS, moved to PDS/PRTEND
2025-03-28 15:09:47.853962 - Found RAND.txt (text/plain) in CBT.V508.FILE038.PDS, moved to PDS/RAND
2025-03-28 15:09:47.855529 - Found RANDF.txt (text/plain) in CBT.V508.FILE038.PDS, moved to PDS/RANDF
2025-03-28 15:09:47.856707 - Found RANSET.txt (text/plain) in CBT.V508.FILE038.PDS, moved to PDS/RANSET
2025-03-28 15:09:47.857520 - Found READIN.txt (text/plain) in CBT.V508.FILE038.PDS, moved to PDS/READIN
2025-03-28 15:09:47.858707 - Found REPAIR.txt (text/plain) in CBT.V508.FILE038.PDS, moved to PDS/REPAIR
2025-03-28 15:09:47.860138 - Found RESORT.txt (text/plain) in CBT.V508.FILE038.PDS, moved to PDS/RESORT
2025-03-28 15:09:47.861399 - Found SCAN.txt (text/plain) in CBT.V508.FILE038.PDS, moved to PDS/SCAN
2025-03-28 15:09:47.862511 - Found SCORE.txt (text/plain) in CBT.V508.FILE038.PDS, moved to PDS/SCORE
2025-03-28 15:09:47.863381 - Found SECSET.txt (text/plain) in CBT.V508.FILE038.PDS, moved to PDS/SECSET
2025-03-28 15:09:47.863856 - Found SENDEC.txt (text/plain) in CBT.V508.FILE038.PDS, moved to PDS/SENDEC
2025-03-28 15:09:47.864477 - Found SETFED.txt (text/plain) in CBT.V508.FILE038.PDS, moved to PDS/SETFED
2025-03-28 15:09:47.865042 - Found SETFOR.txt (text/plain) in CBT.V508.FILE038.PDS, moved to PDS/SETFOR
2025-03-28 15:09:47.865878 - Found SHECON.txt (text/plain) in CBT.V508.FILE038.PDS, moved to PDS/SHECON
2025-03-28 15:09:47.866359 - Found SHIFT.txt (text/plain) in CBT.V508.FILE038.PDS, moved to PDS/SHIFT
2025-03-28 15:09:47.866927 - Found SHIFTAB.txt (text/plain) in CBT.V508.FILE038.PDS, moved to PDS/SHIFTAB
2025-03-28 15:09:47.867730 - Found SHIFTC.txt (text/plain) in CBT.V508.FILE038.PDS, moved to PDS/SHIFTC
2025-03-28 15:09:47.868239 - Found SHIP.txt (text/plain) in CBT.V508.FILE038.PDS, moved to PDS/SHIP
2025-03-28 15:09:47.868737 - Found SRS.txt (text/plain) in CBT.V508.FILE038.PDS, moved to PDS/SRS
2025-03-28 15:09:47.869157 - Found SRSCAN.txt (text/plain) in CBT.V508.FILE038.PDS, moved to PDS/SRSCAN
2025-03-28 15:09:47.869552 - Found SR3270.txt (text/plain) in CBT.V508.FILE038.PDS, moved to PDS/SR3270
2025-03-28 15:09:47.870129 - Found SSDEST.txt (text/plain) in CBT.V508.FILE038.PDS, moved to PDS/SSDEST
2025-03-28 15:09:47.870885 - Found SSFIND.txt (text/plain) in CBT.V508.FILE038.PDS, moved to PDS/SSFIND
2025-03-28 15:09:47.871575 - Found SSINIT.txt (text/plain) in CBT.V508.FILE038.PDS, moved to PDS/SSINIT
2025-03-28 15:09:47.872984 - Found SSMOVI.txt (text/plain) in CBT.V508.FILE038.PDS, moved to PDS/SSMOVI
2025-03-28 15:09:47.873633 - Found SSMOVO.txt (text/plain) in CBT.V508.FILE038.PDS, moved to PDS/SSMOVO
2025-03-28 15:09:47.874353 - Found SSPRNT.txt (text/plain) in CBT.V508.FILE038.PDS, moved to PDS/SSPRNT
2025-03-28 15:09:47.874992 - Found SSTART.txt (text/plain) in CBT.V508.FILE038.PDS, moved to PDS/SSTART
2025-03-28 15:09:47.876481 - Found STARTM.txt (text/plain) in CBT.V508.FILE038.PDS, moved to PDS/STARTM
2025-03-28 15:09:47.878523 - Found STAX.txt (text/plain) in CBT.V508.FILE038.PDS, moved to PDS/STAX
2025-03-28 15:09:47.880358 - Found STIMER.txt (text/plain) in CBT.V508.FILE038.PDS, moved to PDS/STIMER
2025-03-28 15:09:47.880930 - Found SZTERM.txt (text/plain) in CBT.V508.FILE038.PDS, moved to PDS/SZTERM
2025-03-28 15:09:47.881581 - Found TARSET.txt (text/plain) in CBT.V508.FILE038.PDS, moved to PDS/TARSET
2025-03-28 15:09:47.882416 - Found TIME.txt (text/plain) in CBT.V508.FILE038.PDS, moved to PDS/TIME
2025-03-28 15:09:47.883079 - Found TIMMSG.txt (text/plain) in CBT.V508.FILE038.PDS, moved to PDS/TIMMSG
2025-03-28 15:09:47.883942 - Found TIMUSE.txt (text/plain) in CBT.V508.FILE038.PDS, moved to PDS/TIMUSE
2025-03-28 15:09:47.885108 - Found TRACK.txt (text/plain) in CBT.V508.FILE038.PDS, moved to PDS/TRACK
2025-03-28 15:09:47.885877 - Found TSMSG.txt (text/plain) in CBT.V508.FILE038.PDS, moved to PDS/TSMSG
2025-03-28 15:09:47.886863 - Found XCHEAD.txt (text/plain) in CBT.V508.FILE038.PDS, moved to PDS/XCHEAD
2025-03-28 15:09:47.887848 - Found XDEBUG.txt (text/plain) in CBT.V508.FILE038.PDS, moved to PDS/XDEBUG
2025-03-28 15:09:47.888490 - Found XFILLB.txt (text/plain) in CBT.V508.FILE038.PDS, moved to PDS/XFILLB
2025-03-28 15:09:47.889215 - Found YESNO.txt (text/plain) in CBT.V508.FILE038.PDS, moved to PDS/YESNO
